71×3 Matrix{Vector{Vector{Int64}}}:
 [[2, 3]]  []        []
 []        []        []
 [[2, 3]]  [[1, 3]]  [[1, 2]]
 [[2, 3]]  []        []
 [[2, 3]]  []        []
 [[2, 3]]  []        []
 [[2, 3]]  []        []
 []        []        []
 []        []        []
 [[2, 3]]  [[1, 3]]  [[2]]
 []        []        []
 []        []        []
 []        []        []
 [[2, 3]]  []        []
 [[2, 3]]  []        []
 []        []        []
 [[2, 3]]  []        []
 [[2, 3]]  []        []
 [[2, 3]]  []        []
 []        []        []
 []        []        []
 []        []        []
 []        []        []
 [[2, 3]]  []        []
 []        []        []
 [[2, 3]]  []        []
 [[2, 3]]  [[3]]     []
 [[2, 3]]  []        []
 []        []        []
 []        [[3]]     []
 []        []        []
 []        []        []
 []        []        []
 []        []        []
 []        []        []
 [[2, 3]]  [[1, 3]]  []
 [[2, 3]]  [[1, 3]]  [[1, 2]]
 [[2, 3]]  [[1, 3]]  [[1, 2]]
 [[2, 3]]  [[1, 3]]  [[1, 2]]
 [[2, 3]]  [[1, 3]]  [[1, 2]]
 [[2, 3]]  []        []
 [[2, 3]]  []        []
 [[2, 3]]  []        []
 []        []        []
 [[2, 3]]  []        []
 [[2, 3]]  []        []
 [[2, 3]]  []        []
 [[2, 3]]  []        []
 []        []        []
 []        []        []
 [[2, 3]]  [[1, 3]]  []
 []        []        []
 []        []        []
 []        []        []
 []        []        []
 [[2, 3]]  [[1, 3]]  []
 []        []        []
 []        []        []
 []        []        []
 [[2, 3]]  []        []
 [[2, 3]]  [[3]]     []
 [[2, 3]]  [[1, 3]]  []
 [[2, 3]]  []        []
 [[2, 3]]  []        []
 []        []        []
 [[2, 3]]  []        []
 []        [[1]]     [[1, 2]]
 []        [[1, 3]]  [[1, 2]]
 [[2, 3]]  []        []
 [[2, 3]]  [[1, 3]]  [[1, 2]]
 []        []        []
